05055578433
05305224781
05077602214
05055363251
05330451083
05372693959
05067726855
05319338571
05433899831
05374928439
05319946539
05549033617
05452558099
05068326070
05417432903
05373920190
05425607930
05535829162
05068320102
05438262040
05392517707
05382998215
05325532880
05301471171
05377969134
05066054832
00546604747
05064886852
05412775955
05385687122
05466923143
05533285068
05322577608
05448579342
05055809990
05337249574
05056936827
05359251752
05056180704
05442198289
05437104507
05355893759
05326740956
05392859010
05071356649
05414583590
05071136973
05444040272
05438194662
05455467088
05302668611
05535532866
05446741210
05469219000
05063332303
05438815108
00530782534
05422156288
05462035112
05321600763
05056698914
05547284522
05077744925
05549604147
05535041918
05435746004
05365937814
05447671621
05446631665
05378897175
05532812954
05453973007
05349571189
05063325102
05312478522
05334330979
05064327859
05397085026
05438484194
05533935131
05424714029
05452047484
05544621153
05558613814
05444029824
05423502475
05395847504
05465508648
05330390092
05392378275
05395946663
05433404702
05355483738
05534231351
05310847903
05544763518
05424560807
05058434348
02122363164
00560561009
05397923000
05070204227
05383641656
05078603697
05330000000
05534269286
05343984126
05319408354
05079407761
05417121954
05426962205
05318611820
05532632699
05363509473
05396168864
05353673748
05302255333
05388979914
05073424577
05546886163
05076019171
05379892903
05549447740
05303861258
05073934022
05336189966
05414210023
05443416163
05366434098
05056818580
05384987692
05067797073
05353209103
05397031076
05454290616
05454407573
05443542754
05062866441
05062484845
05069424806
05079199586
05316925095
05079800274
03124142771
05423250278
05058725251
05394277078
05455440575
05340128616
05059439232
05323504246
05452588779
05070283357
05396381427
05534920663
05368164346
05534048124
05344277358
05331356753
05358900234
05536453138
05452231764
05556281146
05342996842
05443120291
05532188956
05547812801
05546572696
05064799815
05396616682
05064459721
05063516392
05055831943
05333694479
05318559220
05452663271
05455407277
05338179434
05078537636
05072109047
05052760191
05342546766
05308498879
05348245450
05321712205
05459699076
05445401453
05552662541
05416926618
05077016320
05353540741
05066316456
05370150890
05465166686
05415420283
05544124347
05309320113
05425683642
05399527551
05422266795
05078455263
05423960219
05535383699
05345108448
05369507732
05514197740
05074879066
05078474659
05459679995
05534147577
05393864809
05548084707
05352401444
05436043878
05075119966
05072734609
05359206081
05363951456
05552966315
05334889101
05552558311
05427760803
05425130905
05544566130
05052340564
05052340564
05332162124
05392439300
05387070017
05347316807
05443728835
05554547284
05058565469
05548756415
05321206737
05437210979
05072259337
05318450261
05055222085
05377374888
05054870412
05366612822
05398647826
05443290458
05363824840
05533494219
05055877949
05438779866
05339591999
05546779970
05302423091
05070160721
05304991890
05425311565
05324131947
05072369708
05452306010
05057324227
05549511200
05077702097
05057495181
05053144188
05052804944
05424083770
05318611220
05062788069
05324408034
05055459429
05076065187
05545496159
05055762725
05059571335
05413154584
05364686748
05542313362
05535376104
05373217569
05434615812
05052990719
05452175779
05344432827
05393337040
05334883581
05424917303
05067927053
05322619433
05397466752
05417208213
05454015702
05321773856
05555226142
05301519730
05446764050
05352041638
05392549694
05412687472
05548325212
05439431900
05548998167
05535995657
05417302300
05073735408
05053850083
05319558134
05392173504
05376659068
05443285891
05452076233
05302213432
05424049082
05302391848
05324109663
05448518589
05056849930
05534861755
05369349423
05335042303
05347482408
05303455392
05065671889
05074122192
05368168882
05438170544
05535338160
05068682665
05548648324
05428427001
05535331436
05382426784
05412706199
05057572558
05078711774
05532334691
05072635246
05079359150
05556142326
05448560593
05549114522
05413575650
05312537393
05422780367
05449233098
05414175128
05535333835
05074933575
05412456143
05425114401
05327672262
05314272708
05052622831
05375570755
05325848566
05070157701
05417602346
05456618710
05303820901
05064815196
05067478697
05413847612
05368932883
05458208527
05439625872
05532745652
05313613433
05333670816
05445774356
05377447909
05313019613
05075705558
05534046366
05426557845
05532179911
05544829559
05360539361
05414689815
05078673141
05548953072
05065195971
05426014826
05305279472
05536055586
05312389143
05052375814
05074344974
05443386446
05079615196
05370136373
00538589694
05350479570
05445810001
05072480973
05302315609
05078168182
05388673953
05388171904
05546934127
05543076996
05342510627
05495595690
05375123608
05535968155
05545108048
05382294085
05075541442
05300677007
05053943086
05417812228
05424793207
05061122735
05347003317
05066335245
05336603100
05375989078
05379181061
05548887193
05319723942
05353813136
05316226247
05543497399
05356753170
05077114005
05424576864
05373391537
05076848732
05434097370
05333451680
05349878854
05433727405
05304591470
05074371390
05064816668
05019112918
05064042261
05534501232
05385110687
05067166777
05416764880
05343076209
05383230878
05388354520
05342460699
05319891757
05074183780
05077123428
05323830113
05369589739
05071894949
05535089568
05057781135
05368988747
05362127656
05353120877
05424404655
05358214806
05439380327
05353919614
05306613750
05377339817
05058562330
05065946625
05066796851
05064169071
05449251996
05363934153
05053056428
05396924081
05535992112
05057965997
05370208243
05077827255
05350848580
05315682228
05316761429
05558592506
05445585328
05066192497
05317000648
05547988835
05413492281
05076842705
05068410199
05058336826
05363032963
05342379207
05318573228
05557006404
05058981050
05066486678
05454121010
05436544432
05311024239
05427477884
05549626545
05059250721
05366401133
05068805114
05354268729
05354787738
05332325493
05323634096
05419381267
05345631215
05357854513
05553432703
05415242124
05306049871
05355675855
05070116252
05315135271
05428146419
05548771265
05059353954
05323465886
05071485338
05054676664
05327434094
05465469460
05434937087
05064848517
05348847663
05317921680
05337126396
05549749032
05327848733
05392428829
05054665236
05374350069
05452006606
05064428636
05534422546
05303842929
05326427737
05389855127
05057958639
05063888592
05367296539
05057258682
05356594283
05070502968
05535999911
05327894171
05548690222
05057957594
05446004742
05076408675
05062521060
05057736617
05382058113
05052975917
05078851886
05397938776
05057689984
05074048055
05559692170
05535085786
05413137113
05548228075
05306082127
05455931377
05425215624
05547550519
05066574775
05542150797
05448605576
05314588251
05063388990
05345827609
05343713084
05426013633
05324145223
05380173372
05342190317
05052358736
05534545892
05061387866
05306036822
05418120966
05062739497
05059015299
05395946970
05330886170
05068311681
05071161671
05064437909
05056294547
05458155924
05469272032
05543477907
05399329681
05078598167
05061400248
05535919286
05453442226
05369329339
05388216618
05387127744
05392708995
05053952343
05067502736
05362872766
05372944383
05437167237
05066099834
05053693733
05353578935
05443001657
05362898919
05079131220
05363241065
05438541394
05380442017
05382253320
05447429496
05417939484
05398164926
05318647995
05348708149
05334695035
05345541826
05534334843
05077477799
05068764304
05325758580
05343576763
05312130245
05448280266
05066696123
05388483033
05376620363
05057494312
05455424005
05532728345
05455576143
05435895006
05054572635
05419677146
05459121312
05052725626
05548163008
05365046615
05428059864
05458215896
05076470995
05321530421
05387378025
05062168008
05398849639
05398570391
05373932811
05535981755
05321750018
05395903916
05309264838
05426465048
05059525105
05363452350
05330209870
05349595156
05325870291
05066579256
05075041859
05078526488
05414204643
05307771086
05340552122
05534016515
05071599867
05078727215
05327089670
05302215048
05418563320
05348231387
05446679896
05437719496
05324223550
05062802700
05067188312
05076013613
05077391810
05070762184
05396626031
05416472896
05396867387
05453533436
05070999938
05064519827
05376125711
05059123637
05367913771
05306081871
05052323456
05072127662
05345219355
05057918807
05422639391
05412292149
05533510277
05074544744
05354104368
05012042266
05424367706
05062684071
05394068972
05066219182
05414309595
05072083901
05325242346
05385635947
00577746467
05374014237
05321366031
05342920508
05382595571
05327467874
05424044388
05552361397
05056327706
05543306194
05376109703
05057503079
05336802349
05534850274
05395279872
05454045478
05282695444
05072558892
05532535899
05438881782
05354969891
05442713038
05543814734
05344856922
05355999919
05323455028
05056508984
05069957311
05549915400
05533216726
05555279228
05365164363
05332469283
05071909092
05445434575
05428135421
05549075749
05417647277
05452464184
05394634950
05435593202
05076279563
05547066979
05053893302
05071212575
05417154630
05343063284
05354234349
05074579131
05308787769
05359401266
05377677337
05363316646
05386838526
05073659085
05442030444
05424785938
05379901209
05427638736
05336874976
04242300000
05547860508
05345945128
05330856745
05535922813
05066070549
05353674255
05426214733
05387785628
05545074920
05384669814
05058518121
05423973541
05449680728
05532089084
05462774195
05323768027
05544465876
05545461730
05422323301
05445822442
05356582814
05442601993
05533948879
05363622749
05469363383
05555544015
05056331501
05325918893
05342988444
05544647949
05317900905
05438977840
05462782333
05073017107
05322058387
05079124479
05327679051
05534339476
05344992115
05321622016
05558628286
05078666348
05554806051
05399168778
05558634931
05062885223
05422088459
05321204184
05055740776
05422290948
05543458645
05383610561
05079514177
05546040622
05434281741
05376549278
05439704160
05072371383
05546998926
05382313422
05424402560
05321579698
05069719671
05532877779
05343785075
05335140828
05353705533
05058537157
05542449415
05535996320
05442532437
05388559050
05413244956
05534021483
05435893695
05378594123
05543298044
05372737067
05382773109
05378179618
05066118498
05052558933
05058500024
05055530330
05059164483
05315667602
05426538671
05395633113
05533648200
05374842053
05385219654
05444722605
05363560040
05532628691
05396111936
05312755005
05076279965
05057010248
05326454107
05533919259
05393877522
05387055656
05316293407
05415931209
05327496661
05349361517
05444429629
05546026443
05395631288
05365146532
05057023783
05352900161
05415244616
05326881508
05556894886
05302287811
05383078277
05379909839
05457601394
05545702785
05056315065
05553195121
05066187423
05052483855
05345111528
05077018064
05322507208
05543784828
05383880343
05457734591
05349144171
05364091591
05056491483
05342723319
05326437886
05370285779
00237
05446621635
05559774390
05356483872
05454030039
05377877359
05055315966
05439306697
05065979691
05054741002
05415975914
05376005505
05365020235
05545477269
05437374715
05324068981
05063411500
05075701557
05068703798
05374223023
05444891088
05075895577
05417788946
05367977668
05438972459
05544008657
05383389497
05544300432
05545255691
05367841495
05339207334
05058018200
05056675002
05532680228
05424375328
05313527369
05056002404
05349274829
05437172300
05055086107
05399390880
05386620189
05334883581
05073132947
05074229539
05071839865
05324284374
05807
05544261371
05071558789
05422426693
05324527492
00534297092
05069265731
05362218220
05534059045
05384133598
05435808722
05057951789
05554717714
05072090377
05324108952
05057095207
05304639003
05079206576
05376049290
05368998534
04542
05384059113
05057584441
05426886899
05304045196
05055791336
05344848947
05558556129
05052586558
05354241689
05532662264
05324057402
05535458178
05428030805
05422564276
05535973514
05323432164
05302470095
05533529702
05416184146
05366939476
05385508308
05070875660
05375891192
05062348677
05055032018
05454377665
05337145553
05394894895
05074978853
05544061979
05557774600
05057062951
05077644696
05053743950
05464623904
05459109814
05388174540
05397771313
05335177550
05423063517
05342273303
05324807830
05368144228
05362286154
05345935398
05352369521
05422126942
05318992515
05065846955
05446749518
05061691371
05379238791
05455751394
05426175201
05076497866
05055823961
05457643856
05065554494
05544179219
05436458101
05549982431
05548057233
05426083280
05056794425
05548139573
05416311986
05321773856
05325870090
05424706845
05370306045
05462105636
05439781678
05556250623
05422834352
05536049493
05534974093
05067821329
05426364827
05346521502
05079428307
05079822540
05333518731
05512037049
05069737617
05442079799
05052765090
05497331924
05557407755
05533453405
05548176183
05302083333
05544764785
05067796846
05553390948
05556951690
05416259525
05536183956
05319214279
05419645919
05365249011
05516065810
05422456574
05308342378
05059301637
05364855214
05555555555
05425747720
05373959051
05063359861
05336102158
05056963599
05466584079
05373139654
05079556832
05056919633
05327949212
05362114837
05058701324
05056434014
05396460035
05535945287
05062609422
05375680341
05414847831
05058655752
05377975606
05425803280
05545698542
05327421835
05378656871
05076282082
05458840516
05536157372
05052042592
05074401613
05053229672
05312260880
05355589192
05339353134
05374249691
05063140268
05058577514
05057663696
05301902277
05557188994
05536080101
05512074177
05071108841
05558245276
05385697871
05052604375
05063251963
05395221920
05426609906
05415463390
05549643633
05387702351
05384093873
05555521342
05462669426
05078409672
05078845476
05380395931
05418941685
05462077262
05395779617
05373784740
05072330712
05543977324
05547843569
05333323443
05385020337
05396626035
05071182593
05054959687
05056246522
05362237302
05385441409
05456701548
05326584260
05549992834
05062618193
05546912267
05063240260
05054024574
05066788393
05515568320
05352330600
05304334676
05423290765
05318241625
05074554582
05305188850
05363800879
05068340367
05335626645
05363290080
05058569378
05445318029
05376834551
05462039910
05397910088
05532301390
05542521533
05437664564
05446375869
05512399195
05388596628
05317705822
05399447893
05548752684
05052673282
05359265353
05548241826
05389112145
05516080786
05532593367
05303817348
05052678981
05358868099
05077831900
05078139885
05416087388
05454889034
05335837340
05462679593
05557351983
05399217404
05335566522
05389854025
05057958471
05451420789
05342003010
05058131334
05372597352
05064631224
05064739743
05054532848
05464764645
05071451450
05543738822
05054532848
05323125706
05067726187
05325826402
05535786011
05547476412
05544000204
05422122000
05527348047
05415627967
05336142750
05074547204
05557050681
05342911687
0537___3745___-3745284--3745284____
05064897733
05313456036
05063808184
05384558881
05333016539
05343684015
05068680110
05388559050
05547185317
05396678566
05365127045
05332604099
05534294202
05382636638
05438009445
05424696460
05069021724
05061128656
05547888076
05435548016
05548940686
05055116135
05074813640
05325277369
05057508386
05535313886
05056716851
05312836186
05425800576
05327453934
05056953295
05333787315
05544822426
05556688277
05307806566
05557431966
05496914996
05412117199
05055731185
05555555555
05312715477
05354657807
05077602214
05356976290
05363142011
05349118636
05394186304
05306561990
05332543888
05313755675
05384954824
05385043984
05355556626
05452233772
05375996308
05062591787
05077967008
05399279708
05458628659
05413581321
05512205677
05425332282
05064904241
05555939781
05355727099
05428438430
05533172955
05397931737
05545649486
05340171982
05076547096
05459269636
05066550331
05318885099
05306632854
05556179929
05376022211
05313805415
05354836433
05333102243
05358109715
05054960821
05062188450
05388220036
05302181516
05534519113
05366858827
05058834272
05056875129
05447393814
05068803585
05546979174
05062338770
05067068370
05070214435
05061060200
05315225912
05425734729
05062207005
05054649237
05370237266
05367036030
05453938438
05547546260
05074694987
05438468671
05363406392
05545787228
05053641579
05348282595
05433434499
05067474847
05069326590
05464623904
05412792004
05079580504
05398863837
05353263806
05071492164
05058723662
05434875813
05348546642
05076684081
05077934110
05535796946
05370271783
05466045952
05545551469
05533769569
05387926065
05061318442
05432069878
05424167971
05303929611
05545102912
05077218081
05426892161
05363733200
05416908604
05315895809
05536052818
05546998748
05415956778
05377302637
05353477570
05066776727
05325442047
05458652052
05317063382
05382778279
05549930669
05070262590
05061266500
05317738457
05453958931
05345691980
05412209862
05535938942
05439141844
05379892903
05061294237
05433625501
05363899929
05344345404
05442708484
05325202998
05369480172
05355042734
05078111066
05058135805
05532189512
05557438242
05369556561
05314323211
05396835125
05365101773
05399811550
05385069240
05336273112
05397778870
05542817276
05055868230
05532261817
05360509298
05372126195
05346911320
05392714233
04327171719
05372880930
05548317406
05416386671
05437375171
05453228038
05319124600
05055778229
05323477559
05532432069
05333234730
05336760446
05428262586
05394209529
05368736741
05316872318
05059116753
05062669195
05534242919
05375046709
05555555555
05388303013
05322305181
05449049352
05545286998
05425451052
05353967959
05052831382
05415016648
05066175067
05343972966
05375059156
05324660105
05326763913
05355238686
05349343955
05536050467
05349589284
05333076239
05459491996
05546222635
05512452273
05055774985
05454843033
05073351498
05446590658
05557005356
05335448006
05355032553
05453133032
05543561040
05326321247
05077361775
05466515113
05452171848
05317492678
05368292533
05534894880
05312875361
05545713382
05079556832
05347003317
05358285144
05379248070
05355799842
05464883406
05427690048
05447287670
05070280728
05545033407
05057822215
05426503441
05376049538
05359691804
05071099969
05079630650
05334264980
05058509463
05525896161
05068331355
05333470056
05546219977
05065873161
05535249839
05346563587
05314522190
05053718518
05349787672
05533544544
05053628978
05070791187
05543685767
05427239152
05366568669
05557657417
05414677751
05355697103
05512045828
05352626733
05362249093
05534801661
05332453114
05063135957
05533866327
05556954016
05076297044
05368940319
05325097599
05447427838


















































































































































































































































































































































































































































































































































































































































































































































































































































































































































































































































































































00000000000
05415645124
05382445582
05455367724
05452303007
05542770057
05547348590
05065962620
05333128351
05332151227
05062784181
05542334664
05456759301
05368226699
05448178331
05452467801
05074700035
05543216871
05387012200
05392471992
05353326891
05457790079
05542677098
05337762861
05548900385
05343604244
05375289587
05512180919
05456557323
05548897063
05359438803
05548240602
05362703636
05457187017
05348347159
05070352734
05517118855
05428955557
05370211231
05336999922
05056369120
05418814147
05344008604
05377228085
05354066246
05433449584
05416032183
05549248899
05546683950
05452460412
05545385126
05544710829
05079353397
05356666698
05076602290
05324929191
05373455076
05556984134
05555555555
05394599494
05419136721
05465644023
05439639705
05377149829
05554800096
05062923344
05070207817
05316276052
05077123326
05395246717
05384706905
05337307533
05054271503
05393827426
05445172991
05399564183
05358468428
05312529911
05428232818
05544885099
05342540648
05053840785
05422994866
05543300217
05365030930
05355528534
05065446044
05079584513
05343767474
05462434516
05332682987
05392362089
05318703866
05445492995
05052740186
05374508090
05533162118
05062325981
05555768762
05436765197
05058403404
05324030871
05393982520
05066420109
05062528771
05322576641
05555594315
05063793032
05289277055
05067494726
05350335331
05456652724
05342290212
05385172572
05532877784
05078685827
05396256744
07287
05323484643
05301523855
05304417118
05534558733
05373040882
05069406142
05396635155
05366416939
05536001040
05558060254
05397385146
05057536840
05418910251
05362448071
05074373756
05056848555
05056452615
05548465825
05324911646
05066685752
05555491236
05058971941
05322126606
05462140700
05436514300
05355117130
05336185509
05350458494
05063940066
05056228766
05394072950
05532328562
05052561772
05340749416
05398570487
05352768621
05354039962
05378774284
05548449018
05445113119
05334534315
05534915837
05071468943
05364163100
05364541792
05372278918
05433996463
05442058700
05306437783
05077399174
05340751313
05368688963
05436661570
05056579427
05062738516
05554412617
05063002646
05414812821
05356124534
05061468647
05357368354
05342052183
05063094360
05331423907
05366599620
05056562645
05398578574
05543681610
05435648755
05375217663
05533390175
05394460728
05380838981
05532240116
05052555075
05312319309
05342290212
05310277585
05455341484
05415549057
00553547422
05534415117
05350227944
05548169141
05374708248
05317974411
05303922803
05055616107
05359777716
05454583234
05077835200
05545112772
05444508201
05443132092
05557639919
05066170019
05066192497
05377808509
05063325102
05071455192
05397664103
05557375962
05386405555
05535996320
05055958873
05532322502
05302305767
05544173052
05426952205
05327619194
05377339487
05457783054
05547470763
05342425040
05433411676
05324663979
05549419412
05069197356
05549401473
05375022266
05058944480
05063422488
05061523746
05454358870
05512333590
05322743204
05305188850
05438012073
05447393814
05428363664
05353727920
02163139911
05547840627
05072194115
05557472931
05359709783
05543047076
05309662129
05543079432
05079929007
05423197869
05075028314
05454619827
05419069889
05073202346
05068781750
05070946919
05062166608
05443066815
05454577226
05555511570
05324654476
05318304071
05062667269
05531482740
05530148323
05449697707
05438952210
05062030144
06778089812
05065801662
05445010330
05514050229
05325808046
05056265587
05056598552
05079641918
05389752232
05067913840
05313237601
05425395272
05066299254
05514188088
05078783910
05054538419
05075861335
05558055957
05330202965
05535889565
05433529760
05533280396
05554602455
05369481235
05372226767
05372226767
05547708441
05324539489
05457832806
05534608719
05363924449
05535700811
05457484488
05442874971
05070462211
05056978081
05398344860
05354413785
05448518589
05416858254
05313701713
05373993151
05457390695
05383903939
05536111244
05078378832
05339302171
05342992798
05068767868
05318274217
05395974783
05330927778
05534957193
05065413207
05069967997
05058955420
05447445534
05073329997
05536146605
05324807194
05419491844
05378131064
05078449434
05356855581
05061418401
05336274150
05301701090
05320647122
05322081702
05313355324
05386365207
05365182040
05063814003
05070911263
05457429107
05558456708
05426941127
05347735733
05453268165
05543115950
05358617115
05544473137
05432961465
05464865225
05437304042
05533460309
05492655471
05308826358
05452860281
05342672335
05535969300
02141544541
05057970099
05315409924
05546959204
05396270774
05353025041
05454128637
05376193767
05543491333
05446383765
05352303449
05547531314
05535946924
05056328689
05345931237
05324757443
05301411391
05377054113
05532333663
05414786372
05064144554
05306061856
05324429080
05544778640
05071237132
05364353986
05557482755
05342143866
05064063646
05312233761
05393222030
05326054214
05546032768
05389624410
05425351257
05375164018
05383809361
05055959404
05369898935
05435235552
05066051419
05073477052
05075676048
05349596219
03806
05312169252
05417429391
05346265121
05352211723
05555555555
05312820309
05312717069
05061055357
05553877222
05321621609
05458069095
05383978756
05077271263
05459117203
05435807849
05546462592
05067061692
05324779728
05418135344
05056857282
05448947389
05071999305
05549079158
05382264119
05325985075
05068011464
05077399969
05078720367
05353025969
05075166763
05054770796
05557078637
05456857001
05533239326
05542285693
05546172658
05433428595
05442447688
05070285649
05416143345
05059069836
05319252868
05352062607
05435707089
05074223180
05387483989
05340561606
05059168718
05319163054
05534533887
05384455811
05445720232
05347096844
05327131428
05453267109
05455824890
05344574551
03323242242
05439271950
05372005895
05077815364
05554540480
05433226734
05456610477
05363353086
05352628123
05336209931
05395811387
05079763007
05548233647
05074144087
05553676951
05397408760
05324631607
05070336747
05062448580
05535471818
05554922299
05425369759
05512320559
05074818920
05556293105
00522052233
05454589898
08503028856
05532481270
05055582120
05546918347
05542546754
05325527772
05382779359
05422635269
05323578638
05078625675
03080
05414906310
05068787858
05316111780
05377741397
05466104800
05397446270
05071436724
05386759915
05533954463
05325239113
05330245338
05071636569
05387182976
05300760460
05077455285
05417219578
05384529847
05386632057
05455244825
05535306998
05315105225
05053960891
05458532049
05531316224
05346049221
05326817293
05413406404
05393995033
05438336734
05321620319
05057238171
05452316161
05548607391
05443115166
05543758160
05053788094
05079976487
05396287044
05395004448
05356026714
05312198718
05303213034
05061426006
05310303301
05360387216
05466068060
05446542701
05549509616
05386849733
05066058308
05349887754
05376925831
05416552325
05548042792
05379397657
05418865516
05335205994
05322015817
05413290229
05413290229
05318894508
05556657443
05068874416
05553630791
05075560419
05465459306
05368660572
05549135596
05374762048
05397736547
05456843075
05325459208
05319450395
05365013474
05072596531
05534307164
05052700615
05425896515
05053119290
05388208050
05366514151
05358440628
05066630320
05517120364
05549638098
05444621353
05514127698
05367746329
05344438940
05057552545
05394033911
05452880515
05535055234
05358559966
05534853779
05434858714
05399575951
05444588088
05347785147
05343198712
05327329848
05359764669
05376838208
05324600462
05345910911
05453677126
05355915488
05548566499
05342198186
05514319115
05073055835
05358481341
05380303512
05327690991
05417319021
05387275642
05302842112
05469749058
05078732996
05546325546
05053692612
05342505427
05363531345
05425146230
05446304020
05413622880
05348549558
05425734727
05558515567
05065046841
05051165219
05348714391
05375771077
05324989704
05358771306
05330638727
05546076069
05076797841
05357452450
05418388201
05532860803
05536003077
05355228682
05467238398
05382088971
05066729030
05446174717
05318561461
05375574898
05380740301
05417414860
05058913219
05545804826
05395236510
05533767030
05531273568
05387730712
05397671201
05532818032
05366900311
05468698444
05426831029
05530279998
05354069574
05449358089
05416995018
05356865236
05394295967
05397745361
05322514088
05301563991
05070130596
05455755015
05337196775
05344276627
05536149134
05317625928
05433619261
03
05533447264
05324283838
05535614069
05457952255
05452032550
05059371208
05076146570
05321700160
05534645143
05369183503
05458001356
05542594050
05543299743
05427836015
05455538044
05418012541
05320553489
05433943942
05378164434
05068740324
05321715656
05427398547
05326501618
05539795423
05393145427
05376426743
05424709360
05322811557
05315179900
05301424177
05325534787
05419210656
05300108128
05438982420
05392683134
05546381477
05399585402
05338704896
05305121285
05334409237
05398538169
05072037905
05323403895
05309019144
05304931502
05544790590
05072127720
05319618091
05426012891
05342254003
05534604865
05387982500
05530007885
05423455070
05326258021
05532259524
05413573423
05387144335
05536135663
05388268537
05385724889
05533254762
05545650072
05373090770
05347928466
05340221097
05069966154
05068231265
05378485420
05545515752
05367989723
05462260669
05372134213
05388140782
05412071014
05368219638
05449308360
05072630240
05000000000
05067904945
05536103392
05390697981
05350673815
05343858780
05417916709
05549293153
05068538008
05544061701
05446825810
05317618665
05379966616
05073851445
05548405054
05304860148
05459324715
05534849284
08
05366768356
05065622734
05373779059
05532790681
05377800541
05382383954
05452485184
05070218774
05346951817
05384781912
00000000000
05317369815
05308267384
05443302688
05342993804
05438530183
05535932210
05412143678
05543354093
05068936557
05337080807
05052130334
05313563522
05432350818
05056232902
05555183544
05334149820
05531467331
05057537676
05318351782
05350538268
05308729862
05062614112
05313346620
05070523094
05364942704
05532622004
05313068316
05323324044
05318901267
05555827711
05309308329
05389539115
00530397255
05447953588
05342366941
05318695962
05066956066
05534584887
05419368858
05052929030
05057544204
05545772198
05367345005
05345274889
05533827174
05417708889
05368472463
05373366415
05343363294
05067388957
05559955023
05377182440
05457619351
05363403120
05377058420
05324087977
05345842884
05362967293
05549124100
05334705208
05416097327
05055745449
05534791071
05468158616
05365919339
05056594424
05536015641
05075323348
05366609652
05061435984
05073091933
05517135125
05309645949
05308238276
05377030149
05078900597
05363444858
05355082632
05393921507
05374070912
05349756144
05072404709
05314653595
05435593163
05393748065
05072182499
05352126985
05389871072
05343965300
05548856374
05058170889
05427603923
05068790290
05387615966
05393709620
05365850467
05327417724
05392537888
05546223681
05074446130
05439380195
05534948150
05542829050
05309521225
05079168976
05438260262
05439017630
05536065686
05453300230
05534917269
05547928450
05065855150
05455572201
05534027602
05348136941
05374352432
05374064983
08496749542
05414797983
05369996629
05464020573
05061673661
05462904197
05339450990
05432965909
05325651008
05388915323
05544011516
05078246417
05074543085
05071448777
05556229691
08
05076099780
05536340205
05363396388
05067638575
05342405438
05466051995
05340164909
05061282646
05555353103
05533416776
05076410431
05315148354
05320542717
05306700648
05320677997
05061387726
05366410197
05533610111
05534795762
05512605300
05058617585
05542661495
05395080652
05457424893
05333976437
05447449852
03164
05455931377
05320603314
05077737051
05536070818
05462781773
05342259638
05424146088
05395494015
05350165860
02128522526
05372191380
05398596955
05352058170
05555592704
05376181618
05062257017
05372312196
05536081540
05062878526
05533880004
05369617722
05300600494
05333960834
05542957825
05305518661
05077141171
05355813654
05535855241
05301126490
05073686477
05532211635
05458684106
05558444627
05544700643
05377367281
05056676128
05542255041
05399168041
05536114069
05367693728
05367693728
05075435742
05384616046
05413227485
05333488180
05367916416
05423663428
05071911686
05546566609
05072881731
05383326665
05367375943
05063881366
05074309214
05348772616
05415596813
05069651795
05445727661
05058325499
05442562318
05394396050
05322978630
05436486987
05068824065
05068824065
05064137501
05424469611
05053314455
05058199383
05317197695
05432833107
05443785065
05316454646
05052643540
05382970466
05067365387
05457418785
05069001499
05456229171
05383573572
05416782162
05332798963
05545943404
05365086405
05465585435
05515511009
05303530273
05358791741
05442476094
05384631672
05356292959
05414568824
05074227043
05447270755
05442412259
05397689488
05393707106
05058317855
05435593202
05531132411
05458514568
05445618299
05068031846
05536185786
05435353558
05066503042
05318197495
05425543782
05061718996
05061447329
05064701923
05322772057
05435939124
05056224664
05432902165
05052412452
05078199139
05076178804
05368168882
05318426948
05069158176
05303739946
05054949220
05395141918
05419108620
05342625010
05454083131
05071115226
05340723227
05395119869
05435309395
05536338485
05352412549
05306002956
05074459580
05399179313
05068894746
05320617946
05052641584
05077018974
05313285428
05511340998
05393660625
05354135964
05555000529
05355905643
05068946893
05322020259
05554226000
05374369114
05322088619
05325847501
05334594690
05343047806
05365642589
05373084675
05535378205
05066133265
05468758642
05542307028
05436785755
05054918049
05453771119
05055587192
05377268087
05438322889
05067889588
05368832110
05064962013
05394834711
05319923341
05462362306
05346839870
05542495313
05340659018
05426980008
05366389006
05543270790
05072073882
05355579782
05346970081
05458787758
05549770310
05447487876
05078434773
05516085181
05356291598
05555555555
05056181538
05413974010
05079003105
05368595852
05439354571
05384456328
05327772529
05324642953
05053747278
05072954637
05075779767
05424965399
05322584654
05548464099
05321581107
05319211424
05543539642
05549426024
05393405227
05432752011
05444741982
05060695384
05533478127
05356612201
05532319438
05535590890
05416001709
05345219229
05530163637
05334551931
05457643856
05349203903
05530262636
05416834933
05078186329
05315981243
05447928932
05061380217
05321306138
05074632500
05382688560
05302834431
05399279118
05545128150
05425616423
05547774872
05075104146
05423082224
05078235212
05050000071
05062895332
05370205282
05532012997
05077016885
05424540299
05070875493
05316090806
05558745139
05321582577
05061499519
05068886259
05064315649
05318368791
05556807142
05055614753
04401
05417450912
05457117808
05423284910
05549839956
05544868917
05442242002
05355974538
05333622525
05062610651
05304676981
05452741059
05366774410
05556106366
05454937835
05056636702
05342208100
05076085305
05372709566
05446131291
05392324548
05374966259
05453417425
05308232793
05055929680
05075187109
05058625565
05412535616
05426281970
05456098859
05543841653
05442268807
05514028742
05388522669
05319237621
05454251353
05336265918
05340106891
05455201370
05457615872
05456925050
05557308170
05359214971
05332005694
05423601096
05355952749
05443069338
05302236069
05062193990
05056276496
05397150189
05076453018
05535933320
05061005685
05333583206
05444013440
00425
05078261454
05432957593
05309682896
05063500347
05427612000
05319536976
00543871918
05378890193
05374057896
05555030653
05453083130
05423876339
05368487890
05415426624
05445203988
05375678712
05459219474
05413350539
05373744955
05534481565
05374324185
05056566524
05346989621
05395715828
05061356897
05051125253
05356245732
05336209034
05344833276
05414632750
05070134080
05432987477
05531239636
05396460035
05063241690
05065621150
05374779859
05062715271
05536125598
05543650528
05301541515
05067456042
05068834589
05397971625
05074689216
05068760924
05349240929
05544597386
05303229858
05302444055
05052561772
05443181564
05377705025
05452888429
05062646961
05426691414
05074168435
04430
05376815163
05056700333
05452476005
05349287820
05352071816
05368752579
05055522136
05536323238
05377890335
05432933977
05372030361
05386266884
05397824004
05542550235
03033
05544374681
05052655636
05531148567
05053383426
05358720615
05542876660
05417632592
05079625300
05377912998
05076970807
05308318914
05384829737
05056712858
05434871217
05052420462
05058469373
05076303643
05544185949
05514330550
05336172279
05454547469
05318839696
05075614003
05363628875
05077787146
05456310400
05066849703
05535731872
05314217986
05412478157
05425197302
05079248139
05375428240
05533635614
05054315966
05349649255
05078312877
05387718102
05315176661
05057339288
05384423909
05062414824
05454338143
05325578118
07
05075159272
05052643540
05388106009
05465855815
05067758255
05543980337
05417712325
05324018189
05368335976
05076472680
05443039672
05368708389
05345834023
05373313658
05057186381
05395422400
05079522781
05393860608
05425667131
05363629078
05336626583
05067559900
05553344949
09817792167
05324360915
05347285000
05457758989
05067162227
05073628669
05315907452
05369631009
05364410589
05412704623
05434866825
05350117084
05074143568
05069203101
05352869312
05547863197
05078475619
05446400536
05445517785
05516089397
05322749039
05555413449
05367730960
05058132106
05319389614
05056095496
05396539981
05343242958
05533225688
05545106893
05542689977
05436427382
05466700162
05359803057
05068886259
05074090005
05318233966
05345677867
05064777656
05310154665
05415871979
05532652576
05326853045
05079603087
05373694531
05426186418
05075436905
05534792951
05355888168
05545742352
05372483046
05372375919
05315573139
05382076971
05532918786
05394899395
05418267523
05435520944
05433597520
05428088472
05445641457
05373209302
05462531595
05360370017
05415668317
05364761012
05058276911
05438786917
05387091706
05060567891
05414505469
05423916607
05077218600
00688
05453640340
05325770744
05456595883
05075287986
05347988516
05555555555
05369495247
05312937602
05354965234
05077957752
05362935273
05422198038
05053692943
05061733002
05070069980
05547905089
00372
05423871892
05368774868
05078555140
05062525916
05385955958
05423558650
05549489661
05070847454
05548837763
05075124985
05059682235
05425968231
05067220874
05396015844
05454775215
05533839209
05358479098
05079473383
05058470115
05337866078
05556285064
05071211360
05364099671
05366858337
05545269326
05343344981
05558496727
05367351561
05388942564
05514048913
05417614815
05070158318
05532069269
05398878060
05453103030
05077929725
05059348114
05074204978
05417424292
05453608806
05325428761
05370261863
05074771763
05374333224
05536245459
05382492241
05060648687
05413097925
05367138336
05312561608
05549493463
05419242738
05075543632
05352720192
05548141905
0456830634j
05055065864
05432181834
05067755640
05377000013
05074861010
05426333948
05320650710
05469704901
05447153379
05419372310
05545707846
05066724961
05077224638
05353883682
05442403362
05556433077
05053566671
05555606278
05064226736
05378785823
05398598404
05426321991
05546453830
05321690900
05378853035
05061113188
05071743559
05061109142
05383985714
05071420834
05389322513
05412429153
05312553790
05423794001
05435274151
05535093866
05072816585
05432332324
05069125869
05428461287
05358801025
05063514766
05074215904
05325838976
05536157497
05366029339
03737737373
05074359044
05447903817
05467700059
05348144626
05547888010
05416015968
05378886172
05057613121
05322966061
05445462310
05392123456
05066250383
05513981998
05378559196
05359542045
05348
05358450444
05531026142
05079000424
05356754976
05068527286
05448398811
05346915039
05305696248
05544494869
05415524326
05070057374
05433476828
05304950096
05057241583
05532461756
05535755052
05325843197
05545473106
05065829098
05542083339
05453074403
05519054743
05452337222
05413886464
05428916542
05057368287
05309347419
05435317930
05347303732
05302342042
05393206288
05314301343
05314593829
05546434450
05558506571
05437422072
05393681872
05063568262
00543392521
05442089559
05074330020
05318843958
05437748295
05333878588
05414486117
05077815364
05448605561
05422267096
05436726555
05053982846
05056312278
05350281708
05443309000
05055958873
05061771216
05055573222
05464077739
05385016323
05434857978
05377103520
05342350674
05056898435
05454575686
05397081386
05070977743
05435095314
05323404919
05368486637
05458938949
05456493111
05327921149
05054211323
05413350539
05058395704
05333341884
05453006454
05414787256
05334801100
05369582446
05457181365
05449104853
05071122120
05384069485
05056638133
05356770271
05345008010
05456020010
05392579293
05077672665
05072641188
05388186966
05534077935
05386758897
05556763795
05077198253
05315216215
05376240323
05051233371
05318590087
05056921824
05462024126
05323427995
05548908952
05312951727
05446257393
05348773662
05534290293
05318109829
05069168878
05069094364
05336882476
05531848188
05068310784
05334507217
05536230792
05348452903
05073341954
05380182678
05316470966
05465905170
05306903585
05376629552
05072863167
05469114165
05323073343
05062999555
05434519916
05055337695
05534791389
05427897529
05067387250
05355091338
05345143056
05553537768
05534772360
05342133885
05530086241
05550000000
05061192931
05446779642
05063316746
05349316534
05325581408
05458050277
05358488993
05536164388
05452141455
05327461420
05380166061
05365983486
05062549856
05445967367
05075189750
05074685949
05533296898
05077227485
05373882733
05074514069
05530105293
05425933543
05354346786
05386215586
05365569095
05370466757
05531920701
05396724808
05547667095
05320620995
05313571533
05465651320
05370301823
05531291407
05412505634
05453515680
05066940799
05326674570
05442618177
05427397873
05323964183
05546955379
05068069304
05076540878
05348961240
05436587628
05059919090
05425800243
05396554830
05061688074
05072887408
05453530625
05514082812
05326973156
05389159513
05383573572
05548036568
05343323547
05384450056
05379659648
05378147662
05375113612
05536444829
05068111382
05559043916
05444634739
05443701987
05313057572
02995345347
06
05534262805
05436847268
05542398497
05074469536
05532243455
05453510499
05379601072
05545711050
05445037017
05300630395
05343841019
05434396405
05559949549
05077617160
05056845015
05368969342
05346528340
05465012609
05065871657
05542610088
05313138080
05437628792
05345560960
05375760635
05072792467
05069796409
05363907994
05312642440
05456764095
05062716207
05373604945
05535944190
05375263680
05066617629
05323958439
05535785268
05425109922
05055905615
05076289777
05380295066
05315897381
05054155569
05533584583
05068907550
05555373213
05345907881
05364599691
05354605426
05393977097
05319934106
05055614870
05068873989
05364625622
05542969242
05055670256
05072794932
05066885684
05301536655
05052447929
05072278573
05055333356
05532189818
05414838706
05419621453
05385641984
05452485184
05321762243
05547907875
05532041854
05412586940
05392602099
05458559593
05531584907
05343558985
05433626978
05365026006
05347097018
05376726308
05052643540
05544482587
05536292959
05318399168
05385798137
05069720044
05072218178
05335212321
05395009291
05457601999
05433987257
05424848110
05388918425
05356084398
05068776716
05321322782
05434997174
05555857646
05057456638
05348952959
05308600532
05428122313
05530128789
05548638403
05071624973
05396178163
05383844371
05443563231
05378935617
05412728446
05414228241
05309508532
05057349580
05359390350
05453363316
05070262933
05547790118
05333099532
05546667663
05076032868
05532073086
05062810701
05425574703
05392820192
05414679844
05418656661
05319613641
05364317498
05534678357
02163096909
05398720836
05073392170
05053985782
05325549457
05438310393
05534047265
05069857299
05444475411
05367224112
05532856843
05439494748
05452683856
05444451906
05469782889
05056363401
05448848222
05074073080
05426565134
05318235353
05432678279
05426364465
05323964321
05314852553
05099073318
05077227485
05354256072
05316380746
05437875319
05067693027
05396129578
05331371600
05327993735
05533495861
05073297957
05446817973
05389573490
05442823684
05549645065
05439289292
05079575784
05552323532
05556910433
05072866240
05334379030
05077179037
05055500477
05558250079
05530338653
05314852553
05072729078
05549932689
05342704377
05362026300
05055810596
05326383547
05364025037
05375003057
05301167485
05386831644
05413548658
05512477967
00000000000
05058773646
05414911419
05366364256
05303440409
05372210541
05070911263
05336370934
05305541305
05555984874
05428480002
05072238377
05536447720
05443842042
05323747127
05387660554
05389418902
05548287323
05335444276
05074374087
09
05394853509
05457767997
05396020310
05452449518
05079980747
05056504578
05393993142
05388610672
05375163324
05415080285
05072786025
05386991908
05452789838
03730
05375198965
05375688466
05313630160
05337259881
05368416508
05435222551
05079596333
05544593580
05344702665
05416563357
05458488552
08344
05301090196
05356482654
05057038190
05458246730
05370628200
05387299083
05542398998
05392252666
05447872856
05535370457
05055014619
05533932140
05052695420
05052459227
05548338169
05075819923
05072075805
05546895811
05379575031
05393453073
05055279663
05078448423
05348822838
05061765870
05078171615
05075764312
05458254832
05395868716
05076187959
01111111111
05077356377
05457455725
05378686118
05439531699
05343985169
05358654235
05304433141
05547771530
05064417048
05535028135
05536164388
05331354270
05360501467
05063251221
05422158818
05547407937
05378568191
05414549591
05439340000
05458613804
05544958529
05425402565
05356928836
05057067652
05056514213
05517035988
05052815302
05061133945
05378793811
05542466238
05323610760
05439642162
05445463172
05320569461
05383447986
05533812343
05336349748
05334468509
05053566673
05324529147
05549420731
05071805520
05534803455
05416700140
05442486162
05366919713
05059566499
05058106250
05061732318
05418231057
05054663423
05322044605
05375124227
05312746999
05455449099
00242363753
05312379212
05548263922
05305802227
05319457793
05545951112
05549422476
05412234605
05323730449
05057376359
05549155653
05312911715
05309110567
05325440812
05067733276
05055884348
05417496852
05446121929
05363849195
05053936126
05457824463
05423243287
05533522298
05514374912
05458552597
05535098679
05074634385
05394543299
05058077691
05446373360
05412711549
05545444072
05457996745
05300607545
05073980958
05393404943
05300386884
05314346319
05369291586
05335743569
05305405290
05465687407
05467131383
05073105358
05454805072
05363022264
05360629579
05535957512
05352708084
00532175733
05459140575
05372986307
05556546848
05423854966
05383464036
05331371987
05058806594
05547770180
05536499447
05395887602
05349221524
05536204481
05310318157
05069070198
05548641618
05549895118
05462804415
05395010122
05056356633
03604
05443980278
05348151125
00531
05394851777
05418631971
05374276712
05054040846
05310807986
05432859735
05397349175
05337304568
05542824073
05380385681
05324310313
05545435153
05397846190
05555555555
05325007225
05354792716
05555555555
05444648630
05353898917
05357687750
05061689373
05555555555
05414800408
05453750954
05384151974
05317905377
05398276602
05076356983
05530285895
05310251273
05315042403
05557040493
05399574528
05330212545
05355019752
05375839377
05384916527
05413620712
05327622730
05312736567
05339575371
05363146622
05304151068
05370621038
05344260614
05325633889
05438230949
05554241240
05396499956
05453462259
05076417453
05438622927
05378557045
05059821989
05051807656
05061594649
05417691869
000000-0000
05534510363
05419679048
05353707937
00229
05545257185
05390838133
05351090709
05373919751
05374777295
05393712071
05323181300
05417157303
05326282455
05546225356
05443574252
05382171117
05452158672
05052683114
05058161104
05058655798
05534783263
05073721469
05517121492
05531539994
05348285474
05556260579
05077931330
05432122924
05418206575
05419610062
05053164980
05533729021
05397439580
05075037967
04689890543
05056259557
05542438692
05357761166
05462161453
05380933503
05319744503
05316047512
05366919713
05394492674
05535967110
05078412573
05318537717
05074159544
05436285872
05398299823
05387875352
05057055108
05443302193
05059563353
05378654231
05076133966
05554466731
05076435756
05412106427
05057028037
05544245794
05465624575
05307892251
05326371018
05558349765
05313173281
05433715884
05322784271
05344144475
05333063486
05338639314
05303439211
05322837230
05556169802
05072503094
05392372864
05055030438
05066999518
05052068036
05067760051
05072075048
05543833210
05433902243
05511380060
05057010970
05052959349
05307323529
05392046433
05367127654
05531839401
05555923603
05360322015
05058371890
05064529602
05439021037
05066102580
05436227082
05383576545
05372496616
05395533688
05459253381
05066312582
05078211187
05534178929
05343997848
05079253926
05418844424
05061299905
05322617671
05544205565
05416522682
05
05556179929
05397683194
05532087467
05545032204
05075872293
05375696735
05076220966
05330000000
05335254311
05366373674
05315560360
05345741398
05435935652
05374779145
05322713635
05392040774
05382420828
05423432432
05366989305
05317167418
05372076801
05333631432
05548733920
05350205281
05385629250
05316021042
05535779506
05385004996
05359662890
05077424289
05077989896
05532746292
05070271380
05397987080
05416242016
05364427452
05373454150
05372371429
05534261783
05074711282
05069481782
05387895100
05532409085
05413471133
05367421000
05389736571
05340111918
05426629461
05078214312
05309706165
05493863311
05071381618
05383144994
05302304289
05465112161
05331445283
05536462886
05455986259
05399696566
05544869043
05378384725
05386143050
05468604269
05414635515
05447433446
05055508949
05394709396
05064279126
05534908960
05436586160
05514055219
05348461865
05419263253
05532901020
05077103262
05322674972
05543624678
05069409419
05377939277
05367350296
05357300704
05064622036
05360661276
05061777882
05426426473
05395797075
05437296477
05427149614
05323960103
05369606506
05416206472
05536076061
05458863836
05399455650
05356170200
05346880658
05388183737
05058966710
05375535926
05072655577
05057104390
05423821432
05426854514
05414254879
05059352389
05418027555
05378976474
05544268365
05547295747
05392930249
05343802541
05466069798
05444094412
05426997486
05395118548
05552803758
05365008941
05370357054
05423429827
05067099003
05455161935
05422405185
05053940751
05422448009
05079876047
05358802812
05368395882
05536442464
05064907000
05428134148
05068012368
05973447690
05074893922
05547156650
01231212121
05307726696
05354504651
05064267685
05514184723
05323621597
05319817186
05327447892
05452033908
08607
05547358889
05423272586
05536170099
05455107623
05545994993
05345210937
05353880081
05068623161
05347453819
05372030595
05414989960
05356580957
05053719469
05388160950
05054157782
05305430494
05062423356
05373461952
05061374767
05079205147
05335626160
05309406116
05314365499
05456282288
05389509337
05393717346
05427810563
05056676733
05535859724
05558475712
05378671058
05534614568
05051313365
05079301362
05313499588
05334546689
05535537779
05414986327
05335491684
05303256779
05322122854
05322453134
05079505544
05335249755
05546168630
05353751018
05375135989
05059125602
05437747279
05057887081
05354983006
05547222268
05326328200
05342919732
05397094119
05349845249
05395897421
05358358672
05418017412
05372449897
05535817672
05318334325
05074261467
05417966728
05556248122
05349538061
05418265887
05439698696
05457656655
05070492008
05454413299
05303065284
05343800620
05349125504
05457967856
05078512951
05462508644
05068142276
05385606501
05304150730
05544661596
05395909002
05074121338
05377307493
05443019925
05325210987
05535627905
05413222566
05078686869
05377461249
05424770536
05554965615
05348599433
05557352330
05307602599
05056843450
05337272032
05466975978
05455719887
05383282987
05389400561
05514233326
05075596250
05426439100
05377953567
05330292198
05068993895
05343661702
05436086423
05544686878
05053234850
05079215959
05543698593
05418267523
05393860539
05325470087
05348221529
05314265916
05346164545
05382727245
05073687031
05543474310
05347909272
05332841363
05312913160
05425219369
05543729912
05063868170
05350200979
05466151258
05435487778
05345643710
05459165022
05331362616
05073048484
05061284206
05312724593
05
05306966011
05058995749
05055996917
05057469764
05318388977
05413672691
05534814004
05459281904
05424929222
05548971525
05011111111
05330202567
05425183028
05064995309
05531837585
05372774247
05436782064
05415169785
05078974478
05353345425
05442819663
05336857151
05392233010
05052396768
05467211026
05347102061
05322086346
05536014677
05300682083
05340572607
05533418854
05536152144
05377007943
05464260238
05467949130
05312285300
05347496744
05065193585
05356320999
05353466212
05072707720
05546806206
05396095164
05070878597
05068764113
05366958172
05064837776
05060695384
05343031077
05383706107
05545742352
05378775563
05416131671
05356221050
05075167730
05057763177
05375104405
05312506297
05072986295
05536082147
05319189909
03334
05547996439
05426005585
05382792031
05364475454
05422238630
05372568901
05465472533
05533827114
05079426550
05423418789
05315968856
05342582144
05368603882
05536465263
05544594272
05374166369
05425653993
05514200106
05063190792
05458572865
05534838238
05347466230
05066487311
05444520611
05531403236
05468624119
05065825002
05346662089
05056745699
05333164505
05072674808
05319547792
05061630686
05327082614
05336128242
05383787236
05392957554
05373361331
05419234081
05074564177
05078397006
05316765815
05419529795
05547449598
05319580632
05059393919
05439699066
05075848175
05077544804
05514055856
05052601941
05352051737
05373707907
05339681756
05313129316
05359236190
05367987580
05069939811
05373108457
05343960117
05318903193
05548166274
05365454664
05068519190
05313446727
05387453953
05427119307
05357669618
05412119823
05062607105
05462410891
05061555894
05362529806
05078327145
05364596308
05465454043
05327158409
05362187289
05548128058
05057885790
05301241519
05059569323
05534776975
05462591202
05546710556
05345715171
05514591996
05383447909
05412012802
05350534891
05334195504
05360501467
05059867080
05443077877
05074833082
05445329970
05342541429
05382368731
05075199529
05459066496
05545464927
05321628231
05332652755
05325209966
05412652038
05424620977
05380641117
05533959782
05383190057
05338138348
05462420435
05418284485
05063351929
05517081060
05059828474
05543144134
05464690385
05545162982
05395626109
05326233134
05322624781
05394881408
05536063659
05531148119
05077466899
05469324560
05536406150
05354221027
05073390197
05378845724
05418547934
05545058233
05435686937
05072321011
05380823872
03462234321
05548323481
05465951303
05432566304
05427378326
05392434866
05320000000
05398462208
05323222158
05412296738
05386832642
05548045247
05054237105
05418542705
05399847605
05416015772
05546691520
05536105599
05383346595
05059723877
05396016854
05363852353
05457695515
05370562977
05542111779
05070173687
05334031608
05323238295
05545126321
05437330432
05309713260
05310851282
05395935227
05062621001
05326921934
05375716040
05070246499
05546986145
05547657794
05442833089
05424767173
05055769735
05069742793
05379139088
05413711058
05368555206
05416484612
05417930209
05384547202
05437699347
05323747127
06487
05061207222
05070969122
05453136293
05066125842
05393048922
05535644483
05436901188
05397702615
05342834127
05072394841
05376554373
05413136117
05382860312
05435355129
05343346203
05458968020
05073671815
05397295398
05444318115
05388890772
05065909375
05324081390
05366301802
05382919949
05385985680
05064525516
05313802215
05353090722
05386339440
05412425730
05077112110
05063905106
05380506601
05075837225
05077039784
00506181978
05549770309
05336514307
05316261783
05334594690
05064233365
05345502507
05546624258
05064959867
05308650406
05425764802
05362279053
05348305895
05309502147
05548675258
05388529181
05055812294
05356229192
05437382378
05511107089
05071904293
05456919504
05336810254
05447730141
05413812506
05070076349
05337356910
05367254810
05379836865
05069737966
05310874563
05534679873
05398823696
05555580008
05536941992
05536228092
05357832178
05556790034
05317675065
05448420248
05072349357
05305243425
05533725389
05522330206
05456207767
05067012615
05337307756
05416578451
05369812507
02
05447620319
05441235748
05055056142
05056772160
05354888261
05064999054
05394005855
05365649370
05443013031
05542329779
05396131735
05438293771
05438961993
05428258511
05394715757
05055561628
05458237420
05313224449
05435403161
05069897906
05436840907
05443016164
05396157142
05071319988
05419623505
05377353834
05444503801
05372181257
05073984108
05321738246
05426300023
05312793605
05442450210
05246283912
05326281354
05370556088
05548470638
05327862977
05428310717
05435126528
05349305582
05532894158
05458309048
05457425080
03122361909
05438897388
05535006549
05457976927
05462888239
05386813707
05423291915
05304019484
05323617262
05066105185
05052092739
05078751993
05543034982
05536409281
05078706959
05314326963
05076600613
05345274889
05074369200
05072220411
05453103409
05394505420
05556866694
05314731516
05546937434
05342048111
05432937239
05416991222
05548358251
05436850928
05334196166
05333249081
05536101610
00113
05059277248
05534701834
05056786893
05070789226
05062976484
05319962442
05554181812
05452965461
05053468261
05337767688
05310239088
05522028876
05358265238
05558174559
05077468591
05077473769
05378744170
05379736155
05453202522
05322196282
05379573595
05395030547
05370417179
05061265180
05382611302
05530300123
05307888673
05070974857
05394809439
05545842377
05555555555
05533437999
05377939277
05385782202
05360569414
05301630377
05326169083
05061398899
05065850155
05056426047
05382278812
05416632685
05318998736
05385798848
05313066447
05364925372
05053652901
05070173687
05058548636
05364966214
05419529382
05444662406
05347327917
05536591677
05424070753
05535951989
05438109070
05318748296
05433908714
05321353936
05465729693
05327929721
05532973450
05334949166
05071479075
05426352726
05398155657
05464038986
05424385256
05323457999
05530096561
05343844603
05393833086
05350248022
05544804156
05469326465
05365430330
05442817012
05066688669
05368678858
05354319146
05054302043
05359280448
05323372742
05073684346
05416529187
05345293701
05078719559
05318213247
05055085847
05312482323
05432327029
05545074565
05545074565
05349606617
05067639028
05325498228
05419334995
05549121065
05546268958
05375642403
05454056405
05375729620
05534291981
05074382933
03
05323212305
05377340693
05368512960
05444491155
05068533669
05316266500
05071190851
05368868988
05073904212
05398245256
05052321050
05535952516
05053237458
05557924202
05333948261
05383214685
05055405685
05422011015
05305525747
05412766633
05522291188
05414946217
05417939484
05436683525
05414672069
05455834140
05396619536
05351072460
05462438224
05549909238
05546706427
05389629626
05432623348
05446520664
05377799884
05533383230
05062699132
05073459922
05466203168
05076321660
05447145817
05544921523
05071744480
05514474673
05493309661
05535310434
05398522748
05462216373
05319759328
05370121641
05413787935
05373073613
05432455299
05547543774
05398156357
05051361786
05349461982
05363446060
05417934080
05380283287
05433764353
05061744988
05389114633
05377744551
05453400414
05536299634
05377092517
05052295614
05354679972
05557563501
05072126378
05419003314
05350364797
05342555295
05315538505
05422362110
05058534635
05071232023
05337739116
05399434044
05317903236
05063121195
05389532680
05060560884
05468901110
05535388892
05362743210
05059462496
05415361835
05534377576
05380654961
05317045962
05071856540
05435850145
05333630998
05394382060
05548867836
05531568169
05377174756
05067527607
05532586720
05446410640
05423358522
05061487916
05378434242
05436751928
05056473551
05462959487
05392407831
05413598717
05066281087
05342077769
05556027109
05546672852
05424550704
05445140632
05468548664
05384268598
05346640576
05435727902
05056397876
05462626112
05314274509
05453423427
05334358312
05425157375
05335177550
05368146983
05357647095
05532367776
05422257627
05378503434
05061608466
05070430227
05454644362
05340649601
05060241702
05393041402
05462438224
05455667776
05466556145
05387332276
05057003733
05414585253
05065120878
05542577909
05065849693
05425964617
05342090893
05074154170
05078226522
05052381440
05386554895
05319829839
05072091492
05325124344
05320502699
05058152052
05544543043
05069961112
05313455683
05058245837
05058441094
05057142767
05544661760
05077283499
05333720522
05392198694
05446542951
05443073887
05357888840
05335540485
05422018177
05315193290
05079776645
05425667131
05452378161
05340856248
05398328331
05511506512
05062623865
05064577941
05544375838
05072367115
05534247922
05056738468
05467677621
05075099750
05323502735
05336095170
05057686760
05343110731
05422070444
05066084209
05459112447
05385000614
05448991147
05057877934
05359664086
05398288377
05376282010
05415158157
05416595854
05532854892
05433933512
00538263477
05385836620
05439564488
05336032877
05389268087
05443195002
05067275578
05342382528
05369651471
05343446590
05070558678
05375848380
05394953969
05370504847
05517082044
05427412992
05077726885
05078424454
05455922972
05347062936
05302876752
05445191222
05069555859
05348168583
05325074100
05458387734
05078836106
05353026800
05312773084
05074625208
05534788440
05452725680
05466997002
05072868883
05434539117
05452051875
05385203572
05536418537
05310804400
05310106754
05435995070
05542616644
05368608362
05416913004
05530104052
05383488357
05069189783
05347331023
05459606062
05070707605
05353998488
05398402685
05060260810
05075120003
05412125706
05547731242
05418993778
05557224531
05057233273
05356603155
05314299890
05056021667
05376961606
05434758817
05063539592
05416324944
05446170962
05337192524
05053912161
05356281028
05356171876
05350201201
05436651087
05362995932
05387464799
05343614667
05306811264
05445903259
05387267170
05339275501
05395990833
05365046812
05537367434
05072815253
05534797396
05373354745
05464312743
05417708889
05057088821
05428936911
05321725000
05532651882
05376071964
05445443801
05388146644
05378152612
05057152208
05389229353
05062001946
05547389333
05320656050
05062829301
05537392093
05383338231
05454169870
05437851969
05413170478
05366681524
05057516556
05065558620
05313590718
05076328239
05052165115
05072709036
05532670921
05415361835
05453856202
05319416576
05052154758
05364575754
05418364540
05323120293
05069151118
05055828068
05392461144
06
05052586108
05536904645
05314605348
05536171180
05319633953
059__) ) ___-__-____
05392906756
05308272164
05383158512
05059450261
05357128665
05392074397
05443880595
05079587929
05425400074
05414907987
05051199657
05335183036
05075102300
05300666418
05234
05457808778
05376651367
05458907407
05459015175
05061190857
04583
05424578059
05382843410
05340197579
05346390406
05535965680
05071163545
09
08
05327104862
05382869775
05543047076
05317029635
05063202428
05378528787
05530605563
05072916203
05322800960
05342642976
05364891117
05052547786
05555772019
05353993409
05464432243
05362578997
05062633636
05435069770
05327276645
05058613839
05063597127
05465470662
05056604732
05316220348
05545873350
05444287511
05424691939
05543012505
05427813826
05326802741
05058435414
05064931714
05442976626
05397499574
05055926218
05071162694
05053073820
05364969639
05452311335
05327686965
05072245213
05327202813
05416479748
05059847701
05412608977
05065061199
05446899806
05428245561
05535328812
05376332533
05056618266
05319872527
05063801712
05442841478
05326957177
05336970328
05056929127
05334438875
05444811039
05433408480
05065518325
05362297346
05534699957
05394393490
05548456536
05076439404
05319900210
05433415852
05352678139
05366215583
05309017840
05522243175
05069228431
05074388681
05074502977
05056726682
05313892776
05343597124
05305602031
05393083518
05395928039
05057849083
05396432025
05380827270
05366649698
05534704321
05442311993
05535354629
05466570655
05422771055
05343816265
05074278100
05546458309
05071908840
05053087994
05319445370
03
05317444252
05536184400
05532741687
00148
05319237477
05067134825
05330867004
05426282208
05553157384
05445384350
05054940032
05078368078
05330564847
05316301295
05373917740
05384156318
05056181888
05365490870
05549396572
05347710215
05352938059
05458938949
05319438347
05468367974
05369147273
05300998068
05071176251
05436155384
05073054149
05052535511
05414569127
05337234710
05532089065
05303083550
05438247779
05350237120
05393991015
05442871751
05442674912
05373784501
05436334149
05543274263
05533585260
05333556531
05377176000
05379835007
05326632308
05379251685
05346772439
05433788780
05359729482
05392226015
05327405891
05383079902
05071257869
05323100749
05056603655
05318644779
05346977174
05332601248
03533866300
05426708202
05357391186
05078493772
05304847780
05544557900
05055604924
05072854162
05334117025
05067910473
05059782925
05438430843
05378149938
05413504033
05303248330
05388228923
05340607194
05373404238
05393771045
05072802220
05452133432
05344463116
05070077564
05396913092
00539517587
05393795962
05414581938
05395912505
05382951993
05313715854
05454805459
05056831445
05419444674
06463734535
05537283120
05056702869
05066978884
05362325748
05071838466
05063570985
05068358990
05418905638
05545221160
05336518457
05535950835
05052720558
05544792659
05418451765
05395041973
05434572614
05075186647
05069081849
05534044996
05356519543
05372811891
05465804222
05056726684
05367613375
05458215251
05330291514
05547077856
05426383280
05398849639
05433029762
05427878603
05544549795
05323930374
05532666659
05345705164
05399306419
05324629526
05064525160
05542652491
05376293583
05055217895
05354256825
05458128229
05458128229
05469301885
05364868408
05535447536
01
05392382638
05375076010
05309486952
05535008586
05548703219
05342749427
05313409941
05522373274
05462470587
05066040665
05058876667
05414659020
05353429748
05530228773
05532408764
05073019513
05056336534
05412596952
05456628588
05068128148
05382743516
05544644420
05058135989
05438943485
05057503645
05413708241
05552301365
05074047817
05447739226
05393177187
05324525414
05424531767
05412573790
0435267523
05378505447
05372052312
05454191453
05538487161
05064567821
05057315988
05435357799
05415565806
05312704610
05350458494
05073593285
05053249201
05360346161
05458178946
05556426146
05052562075
05057069878
05067626616
05350292778
05413631099
05368478684
05534041337
05301295870
05309561021
05456745326
05453461007
05375092152
05435019866
05068083394
05549412642
05074663790
05078678671
05335254118
05412072112
05063780048
05379866315
05363362112
05072540531
05061166143
05066187017
05382489158
05058431534
05459156143
05449792176
05413651688
05533506021
05365218676
05434274676
05366915069
05447425346
05434863086
05369201001
05307616809
05383757595
05535455819
05515544258
05531068228
05314094082
05536538309
05531054788
05453584596
05425567774
05340834775
05443451045
05077563960
05379784674
05398169020
05380640683
05316177113
05306968383
05375007285
05056846116
05063281960
05335990706
05382064889
05378637510
05357860948
05073023203
05532232001
05437976335
05066727059
05319717361
05052602357
05549136055
05448117241
05079401314
05464646006
05345219229
05300429087
05457139325
05342792050
05069571501
05469360868
05340887319
05344328254
05078660319
08
06
05370504847
05558997379
05446657485
05398623335
05324746862
05454298849
05546784583
05547542033
05380216139
05466466267
05052149554
05055117326
05052897699
05457207148
05465420297
05350657012
05054981558
05344107597
05058332076
06
05464538986
05073691771
05396040024
05419450438
05353783878
05459001853
05053996979
05074489565
05056910951
05058549783
05056634240
05538498993
05305696849
05336550972
05537759057
05074852005
05332445778
05315447919
05548869774
05457707474
05386522744
05396613636
05547348836
05456365116
05327769691
05413805900
05545108278
05459307928
05345414179
05553865353
05417199225
05345404150
05544872964
05327309423
05064173757
05056589749
05067105003
05063375735
05377026556
05079762710
05364941858
05357778798
05055777600
05533586193
05545145204
05534039295
05426850183
05363205487
05318688875
05532013987
04444444444
05366931810
05533676060
05389652189
05318865150
05467676020
05387257614
05464317945
05425767012
05538800034
05335468245
05067191718
05455711777
05076024113
05343078897
05064249107
05055373193
05317933679
05369898898
05067780033
05548049150
05454021681
05382783388
05073668848
05426585900
05544423134
05462719428
05379138917
05053551361
05537726649
05070822918
05365771089
05053995627
05395979551
05393741295
05388518218
05064234438
05056231316
05423140311
05383531584
05443360123
05394909301
05300656246
05356909554
05076357387
05457432111
05076560224
05549773537
05465219906
05434787835
05068067052
05462759190
05357253874
05395471670
05465850585
05548164920
05322082500
05315579551
05549038133
05547610597
00811
05536168247
05302838242
05455485670
05375627480
05062688307
05053997692
05436400224
05386104767
05356296621
05385935295
05070526600
05054579410
05309602349
05058548552
04395888687
05065927050
05548933934
05536451489
05055040796
05306434150
05059881441
05055244242
05079436161
05075512053
05312616237
05314265418
05549245333
05532408764
05052083503
05068927154
05386426088
05448108970
05330842288
05384771708
05462166983
05556014361
05468132296
05353051723
05070955677
05534448193
05057802058
05536535194
05423011730
05548604573
05077398960
05512339299
05077127311
05414976034
05547232299
05313641561
05419444511
05309441653
05061482561
05316429678
05070100093
05557010417
05075293557
05312396780
05339391368
05077552925
05362858143
05534061791
05055829613
05322411571
05438306515
05363342122
05062344818
05356456362
00532517260
05072318302
05334167066
05558933929
05459120550
05075838089
05076347741
05443724676
05462725226
05534251090
05307745135
05337421923
05437261302
05052181738
05393875025
05352283940
05556396650
05373511330
05556758552
05434668187
05549572430
05322782637
05536520816
05464327733
05380301566
05077274788
05446444979
05066285654
05536556998
05058750500
05382497276
05534802358
05063562995
05357749726
05077081080
05427347987
05324555860
05539797372
05539800951
05059743802
05312064697
05452115703
05392959884
03145
05078763426
05334028865
05077064279
05423551636
05384509361
05436126561
05374380153
05468359655
05349656059
05435090565
05436272758
05302265787
05456092407
05368360796
05074834076
05383389114
05414912778
05382396416
05061611684
05418390005
05347316032
05057716262
05324752009
05427788710
05434428992
05056528624
05382446159
05062370412
05074381185
05532321856
05342965367
05447807913
05534092451
05054827917
05439792169
05075135220
05316610077
05055517353
05308491639
05056465005
05436585418
05067179466
05380289734
05059232135
05073463460
05055603692
05536030853
05078397393
05335443908
05059013391
05055834590
05536531115
05434363395
05552997600
05552833897
05055774769
05352180186
05544063552
05448085440
05398953220
05066918565
05377033878
05422604286
05052212060
05321578368
05417470229
05432416465
05439148084
05302312738
05075896968
05075452523
05445844989
05055781953
05333526239
05067342727
05056274665
05076268741
05374979876
05532180285
05465097631
05375636797
05399151074
05392793496
05531876252
05454302877
05064812704
05445827410
05392693123
05074436492
05424764991
05462636425
05419712865
05378883625
05074404560
05076261810
05545951642
05494100642
05063230364
05354117436
05333010300
05067838540
05053852806
05437441415
05071682661
05350142954
05300325324
05079991494
05055878136
05317017581
05319173673
05335824854
05533231070
05442125445
05356213016
05366454304
05056615600
05323851117
05052583994
05397975382
05056541973
00507194246
05365868374
05394451420
05557158239
05536190205
05354894057
05543360144
05413768548
05536358251
05537362066
05354714713
05455417787
05322360151
05052378798
05063287722
05538563075
05442364488
05052964334
05464258883
05456061161
05345291536
05052664607
05427753729
05536531226
05056113700
05533219559
05383077865
05073461935
05352441258
05066722683
05332327372
05415143839
05452418379
05061472171
05352920565
05416866402
05384109155
05443363820
05054276224
05076387300
05075266066
05347891096
05052675324
05548838451
05058333373
05549891850
05336550972
05422690869
05426070232
06786832538
05063358436
05347332148
05443952962
05315234432
05464965115
05305653851
00826
05058617694
05449233233
05312896171
05312864317
05447301936
05072459357
05305204622
05058172329
05355039465
05056712846
05309508172
05350568168
05074976203
05312294653
05053833256
05439303747
05376962762
05494904040
05319748944
05077633461
05415578120
05060517193
05444990774
05414310960
05438592773
05392689545
05512123425
05309442023
05078493772
05415671435
05368840070
05446627550
05362328272
05074288942
05414294217
05305653231
05316849128
05067676480
05535971741
05542992885
05068150987
05357184114
05449398691
05078109088
05077502313
05313716142
05332350070
05068880848
05063087954
05079418102
05068174048
05458992802
05340211752
05333232470
05326613808
05309564788
05069729314
05367780928
05057766439
05536408230
05426561467
05350700142
05074212946
05073774126
05447471020
05395756387
05383340315
05413213292
05078902574
05358693175
05538536399
05077848612
05538017074
05325132579
05414487782
05012167557
05323816444
05300300803
05052920185
05443484567
05336469851
05445167137
05315242750
05549638041
05453003293
05539684621
05291528412
05327083786
03313
05064515438
05079604260
05052154758
05313754037
05536131382
05061600954
05446247724
05373250128
05370228118
05415994297
05373477010
05078632732
05532838509
05314291004
05443840957
05467356520
05323365814
05064267566
05316182780
05335184013
05303789800
05342010953
05363366150
05340547930
05319179314
05068176046
05319912573
05536941601
05313639184
05052606797
05070045231
05936
05053890584
05453925275
05052249561
00789
05545801220
05305522252
05316168810
05452463007
05077418458
05066022315
05462271576
05346165509
05064591795
05355281488
05069214207
05416225951
05424347347
05374588006
05535331897
05536720571
05079295813
05425300349
03739
05075429058
05383054489
05466785693
05342913597
05544670947
05372564641
05532725822
05056845814
05317287861
05074610887
05366822163
05536692064
05078443100
05337331008
05063287722
05336996583
05359231450
05067560640
05077126507
05358578069
05385439297
05078418876
05542030238
05542030238
05462645507
05073815140
05354920420
05454649063
05432517151
05076907581
05319227516
05462961324
05458402494
05317632993
05333492740
05535981944
05432212062
05321635197
05536300033
05057151732
05313860169
05382504925
05516026488
05393339243
05064042167
05350861540
05308936058
05053169796
05363344488
05058074243
05321519664
05052027593
05555729566
05324870076
05075829878
03085
05389232910
05054665494
05459433584
05058349783
05497463846
05558521779
05532059725
05532059725
05300665115
05442676127
05075541979
05322723603
05383333023
05064122192
05322571474
05536536750
05535367461
05056614693
05301106446
05071246201
05069260546
05312593473
05414862248
05388927008
05415777465
05067711431
05412363682
05079344079
05352417762
05077817000
05320553627
05059401119
05455095979
05321004531
05055621084
05075099750
05545737378
05426563497
05385255957
05364815594
05549912054
05366310755
05535995570
05316360420
05073171778
05058676233
05061627806
05432873615
05336382263
05350200909
05059732653
05467768788
05413605200
05304967017
05067507111
05363291757
05342095881
05337630845
05425400074
05536472401
05387775705
05336252926
05434160708
05326215660
05054347505
05549352458
05075858559
05467127512
05424599250
05078552378
05375033292
05396233808
05318937515
05076242406
05331290089
05446514986
05546610300
05542308817
05467399295
05061061369
05366256950
05388495735
05072489129
05446092927
05077191948
05348493392
05054676781
05393801923
05070771790
05435351444
05301835544
05446450905
05320623142
05070355739
05318353266
05349518157
05415126469
05363393141
05369161682
05354259369
05493502961
05447292180
05365919253
05342535184
05318352351
05059263053
05397962044
05316661993
05419007741
05413228601
05323828212
05073942449
05417976779
05546793032
04929
05346644267
05366939143
05434484011
05554245815
05444340328
05348515534
05071778720
05373270648
05537669164
05453349871
05378542190
05063537443
05536631865
05417396297
05469320668
05412908077
05052559508
05311450058
05543311747
05079494724
05534551460
05543836822
05337106220
05518600536
05077403834
05052785121
03281
05458625557
05302899900
05426834548
05383242178
05396904074
05058083370
05056525335
05055113167
05534079659
05323484124
05548703219
05065255950
05048342834
05306302780
05464161062
05058083194
05373226466
05317902610
05362828557
05072855059
05437617972
05546614956
05308780059
05056911725
05435201094
05325653261
05425606087
05076972136
05315751186
05322054659
05069900740
05056278483
05319120048
00533290427
05549174360
05386335121
05534698625
00219
05536056585
05060695788
05396686889
05065171134
05369981746
05076554272
05315008008
05453999411
05532398010
05300842192
05057135961
05362537846
05547233468
05057657906
05058276936
05442709900
05304269469
05057782438
05074970337
05059538217
05319536976
05656878372
05428269341
05553277000
05068833117
05554047498
05395948655
05542085409
05067315626
05447272567
05418717222
05538437970
05532668091
05350178685
05072304435
05426070232
05444454432
05346243796
05532044545
05536000370
05357751958
05070443241
05436452531
05432909270
05459433561
05056473719
05469776928
05396190389
05364962677
05458488284
05437679622
05438298988
05389591350
05077045102
05414564048
05446664531
05079198664
05319397082
05055829613
05512150659
05317620299
05389709656
05348321762
05385685650
05424694422
05064149773
05324764186
05465677132
05064596261
05546457170
05517055641
05536050585
05333506208
05074397357
05057865688
05539190794
05304418212
05413769569
05467262534
05418358990
05054897451
05459682360
05059437210
05453065511
05413172275
05512326679
05055015882
05445626264
05315665819
05077097015
05542480073
05453771466
05547119039
05068661395
05327237109
05382096740
05069358970
05415975914
05437400938
05412923867
05327175853
05388504041
05055615321
05468504925
05557611219
05383758075
05542426604
05068679189
05324961053
05318537799
05363082898
05435464847
05933643814
05068485196
05051070633
05061668745
05074536963
05057077406
05057992328
05455891388
05056790170
05054765997
05435948388
05374669835
05462650229
05537498706
05313255318
05436361975
05439623934
05369600066
05067753316
05067709987
05349584997
05436247574
05302460199
05448428442
05423291795
05057177031
05386124520
05465865606
05332420750
05452215407
05536520390
05453636495
05546479492
05309482368
05075545082
05433705552
05353784626
05543676238
05424348659
05337448968
05416311164
05365518328
05326677960
05352378993
05399382303
05416553942
05061774809
05415665776
05079948831
05309118891
05077688773
05385019592
05386183086
05465692059
05555643208
05553248487
05452691472
05317932252
05315200025
05422884455
05079526031
05392300003
05446114434
05549298944
05387753448
05368413138
05058213480
05368279754
05396847802
05056812085
05075415417
05389680954
05073913301
05347332902
05433313830
05075627437
05372070795
05360130971
05302489066
05538558548
05057892142
05538333033
05308550048
05055410777
05385232155
05389361191
05397005090
05051073996
05428089060
05070009791
05076803880
05375688372
05056973421
05545666065
05369636464
05546250950
05385955704
05064968739
05059324137
05428900482
05423640004
05549460333
05532922893
05071174705
05531364368
05313594119
05532805273
05384710034
05327955567
05058423259
05419030864
05061390554
05535322775
05457258224
05077214618
05313551710
05412923122
05375428240
05379718153
05413186170
05058109987
05533727310
05393059794
05435815731
05558380315
05535814381
05054320028
05436530949
05077494612
05395565431
05073468052
05064721800
05067793832
05313078518
05414860411
05399236632
05392437519
05423995211
05434370502
05364826407
05069048418
05413297031
05377665275
05322658762
05065121877
05524524452
05369126300
05465810796
05054644016
05077418458
05435636848
05352303821
05536452223
05359253674
05347975303
05347640981
05387876811
05377324638
05376593666
05380716500
05369985650
05349212848
04607716
05512331619
05067555924
05306425216
05385551994
05415274560
05303051200
05318597220
05319633619
05452272729
05534609075
05071166099
05306636244
05068436261
05058331525
05455711944
05378903040
05378618257
05424781054
05070439438
05368738624
05459063715
05444425652
05323121452
05444149296
05535866641
05547847068
05542240078
05399111618
05056880724
05340168298
05062925310
05075837021
05382553838
05368592023
05416183345
05544270802
05333894250
05536549720
05435358445
05340884441
05310118355
05324780598
05056558711
05546925558
05530000000
05548375013
05315249118
05316654351
05367760979
05303248463
05535339776
05063287722
05368511702
05348950110
05417882112
05462501668
05317440503
00505574470
05065063028
05304669081
05054112400
05522376104
05066321613
05535235437
05436316019
05061014931
05549503788
05319001076
05376868757
05398181339
08384747474
05070004489
05309123661
05548479379
05468207528
05396955385
05332781904
05055004516
05543921171
05357019452
05534760820
05059356397
05436309608
05384293320
05318688462
05052650323
05071330775
05413477784
05054422275
05344099458
05073002807
05360333596
05413571542
05058129663
05448848468
05061434744
05359204983
05076292363
05433544716
05418547772
05385616334
05070142244
05064238169
05437360660
05326099929
05353371885
05423211602
05436618169
05553683422
05057470178
05402823010
05418396633
05300687208
05315124087
05379179002
02165500401
05464244328
05419173539
05387175605
05468258852
05397316938
05442284192
05379223492
05304593545
05433322901
05433322901
05375506575
05446713252
05442553090
05056295758
05076177130
05543838513
05369289660
05415905394
05333232545
05319106749
05376698668
05078573057
05056449701
05456916493
05325411734
05396415497
05434647996
05374774550
05373182980
05452141222
05548933908
05456100220
05344278292
05454050828
05425825418
05316624187
05549292604
05317182674
05532047596
05302306072
05336354732
05393858352
05379962820
05069916420
05354506544
05538705682
05545734105
05059686720
05417836489
05318203616
05350774733
05537501647
05061262097
05061095591
05464435571
05514145027
05367372275
05057693011
05382878312
05459054137
05078169248
05303988478
05076274277
05389200504
05069048485
05376454140
05350200979
05066905026
05464388872
05439318064
05363571816
05414049446
05323473433
05337911585
05433151149
05315937502
05354959689
05377185885
05322585111
05317485770
05435464684
05064039431
05064039431
05399498351
05538699291
05422530934
05443340328
05077264392
05455861252
05324093692
05536538355
05322259014
05414485968
05425259229
05432316282
05357266820
05468058222
05075537723
05384349619
05364785301
05556406767
05419645941
05531029160
05064629090
05069145885
05349671810
05543360144
05546277427
05546683950
05316235212
05423309175
05449252500
05365569095
05314057947
05538680979
05457873784
05432297992
05364033891
05349878865
05344306212
05394684822
05054299248
05384132424
05380804848
05383634792
05055914554
05313526139
05531869735
05418253635
05059823191
05557932313
05511043172
05387648397
05555874042
05398425956
05457225313
05434510830
05356930891
05389416059
05537748508
05354602732
05312887268
05325812690
05546162266
0053873) 8) 738 2738 25 38
04301802
05419156240
05303063227
05324178043
05324961053
05397248551
05312295069
05312295069
05052423733
05377788772
05353627701
05056852662
05312887268
05333839940
05439473197
05078557517
05078592960
05454142692
05452755003
05418187396
05060672604
05353050954
05550992355
05551813560
05315979511
0545454145454
05455470309
05327122141
05312169442
05351062116
05370655758
05308654134
0532411 92 1
0905464389210
05510210907
05546525089
05418716652
05422416728
005347259428
0539266 4252
05314629888
05426833385
05530452685
05447396294
0+375293964989
05374931209
05346281514
05309758843
07777 29262
05448400504
05531625867
05362019074
05385081269
05061121032
05444650304
05344975297
05522144249
05396157029
05524015980
05319432863
05319520471
05433122176
0+905052685460
0+4077018005
05388619696
05382047134
05432236196
05418136830
005530120434
05012042210
05446307829
05512389789
005395237495
005056466006
05510243341
05362691543
05457934484
05355727651
05321135960
05050391021
05556667777
05412386165
05343169006
0554307 83 67
0+905548936337
05541355357
05536148186
05320597882
05394279587
05449406997
005337689943
05316530384
